Progeny Sire Dam
1 0 0
2 0 0
3 0 0
4 0 0
5 0 0
6 0 0
7 0 0
8 0 0
9 0 0
10 0 0
11 0 0
12 0 0
13 0 0
14 0 0
15 0 0
16 0 0
17 0 0
18 0 0
19 0 0
20 0 0
21 0 0
22 0 0
23 0 0
24 0 0
25 0 0
26 0 0
27 0 0
28 0 0
29 0 0
30 0 0
31 0 0
32 0 0
33 0 0
34 0 0
35 0 0
36 0 0
37 0 0
38 0 0
39 0 0
40 0 0
41 0 0
42 0 0
43 0 0
44 0 0
45 0 0
46 0 0
47 0 0
48 0 0
49 0 0
50 0 0
51 0 0
52 0 0
53 0 0
54 0 0
55 0 0
56 0 0
57 0 0
58 0 0
59 0 0
60 0 0
61 0 0
62 0 0
63 0 0
64 0 0
65 0 0
66 0 0
67 0 0
68 0 0
69 0 0
70 0 0
71 0 0
72 0 0
73 0 0
74 0 0
75 0 0
76 0 0
77 0 0
78 0 0
79 0 0
80 0 0
81 0 0
82 0 0
83 0 0
84 0 0
85 0 0
86 0 0
87 0 0
88 0 0
89 0 0
90 0 0
91 0 0
92 0 0
93 0 0
94 0 0
95 0 0
96 0 0
97 0 0
98 0 0
99 0 0
100 0 0
101 0 0
102 0 0
103 0 0
104 0 0
105 0 0
106 0 0
107 0 0
108 0 0
109 0 0
110 0 0
111 0 0
112 0 0
113 0 0
114 0 0
115 0 0
116 0 0
117 0 0
118 0 0
119 0 0
120 0 0
121 7 92
122 7 99
123 7 113
124 7 48
125 7 30
126 10 51
127 10 86
128 10 65
129 10 67
130 10 89
131 16 27
132 16 91
133 16 71
134 16 71
135 16 59
136 16 29
137 19 35
138 19 54
139 19 61
140 19 66
141 19 108
142 4 32
143 4 40
144 4 90
145 4 69
146 4 26
147 12 38
148 12 115
149 12 85
150 12 85
151 12 93
152 12 62
153 15 112
154 15 118
155 15 116
156 15 80
157 15 81
158 3 117
159 3 98
160 3 73
161 3 34
162 3 43
163 11 23
164 11 31
165 11 36
166 11 72
167 11 106
168 6 111
169 6 49
170 6 47
171 6 39
172 6 76
173 20 56
174 20 104
175 20 63
176 20 84
177 20 57
178 5 42
179 5 88
180 5 110
181 5 28
182 5 44
183 13 114
184 13 33
185 13 70
186 13 21
187 13 109
188 18 83
189 18 60
190 18 41
191 18 102
192 18 120
193 9 82
194 9 50
195 9 97
196 9 79
197 9 64
198 8 68
199 8 87
200 8 46
201 8 74
202 8 24
203 17 105
204 17 77
205 17 45
206 17 37
207 17 96
208 14 94
209 14 25
210 14 53
211 14 52
212 14 100
213 1 119
214 1 107
215 1 101
216 1 22
217 1 95
218 2 58
219 2 103
220 2 75
221 2 75
222 2 78
223 2 55
224 136 182
225 136 79
226 136 131
227 136 80
228 136 65
229 7 62
230 7 69
231 7 36
232 7 46
233 7 56
234 211 31
235 211 81
236 211 218
237 211 218
238 211 86
239 211 103
240 174 95
241 174 124
242 174 24
243 174 47
244 174 115
245 11 104
246 11 52
247 11 108
248 11 38
249 11 105
250 164 157
251 164 109
252 164 39
253 164 72
254 164 186
255 19 35
256 19 87
257 19 58
258 19 43
259 19 120
260 6 98
261 6 100
262 6 114
263 6 54
264 6 23
265 203 71
266 203 27
267 203 217
268 203 210
269 203 97
270 165 68
271 165 197
272 165 128
273 165 141
274 165 200
275 16 26
276 16 55
277 16 74
278 16 119
279 16 33
280 201 67
281 201 50
282 201 41
283 201 57
284 201 99
285 18 101
286 18 101
287 18 34
288 18 49
289 18 49
290 18 134
291 18 215
292 198 45
293 198 25
294 198 127
295 198 127
296 198 32
297 198 94
298 10 29
299 10 223
300 10 162
301 10 117
302 10 118
303 2 92
304 2 163
305 2 83
306 2 64
307 2 64
308 2 85
309 9 90
310 9 59
311 9 42
312 9 93
313 9 73
314 20 21
315 20 116
316 20 75
317 20 53
318 20 22
319 8 170
320 8 76
321 8 63
322 8 139
323 8 66
324 5 82
325 5 60
326 5 48
327 5 61
328 5 30
329 18 76
330 18 76
331 18 30
332 18 38
333 18 299
334 18 273
335 243 305
336 243 62
337 243 97
338 243 72
339 243 244
340 231 82
341 231 63
342 231 33
343 231 21
344 231 292
345 136 134
346 136 116
347 136 124
348 136 157
349 136 260
350 313 218
351 313 115
352 313 115
353 313 217
354 313 58
355 313 100
356 165 170
357 165 86
358 165 86
359 165 87
360 165 109
361 165 80
362 2 54
363 2 215
364 2 43
365 2 240
366 2 315
367 10 223
368 10 39
369 10 318
370 10 141
371 10 49
372 293 71
373 293 73
374 293 119
375 293 24
376 293 300
377 311 118
378 311 47
379 311 23
380 311 131
381 311 69
382 5 99
383 5 29
384 5 60
385 5 312
386 5 94
387 5 94
388 201 57
389 201 32
390 201 255
391 201 326
392 201 25
393 164 139
394 164 68
395 164 48
396 164 114
397 164 200
398 211 182
399 211 103
400 211 210
401 211 26
402 211 95
403 203 104
404 203 46
405 203 66
406 203 85
407 203 41
408 239 127
409 239 317
410 239 197
411 239 61
412 239 254
413 174 163
414 174 288
415 174 314
416 174 233
417 174 233
418 174 59
419 301 93
420 301 250
421 301 83
422 301 31
423 301 75
424 198 34
425 198 242
426 198 67
427 198 128
428 198 22
429 277 42
430 277 162
431 277 90
432 277 186
433 277 53
434 293 26
435 293 139
436 293 163
437 293 31
438 293 197
439 374 83
440 374 48
441 374 402
442 374 288
443 374 351
444 311 87
445 311 87
446 311 429
447 311 186
448 311 250
449 311 217
450 136 300
451 136 54
452 136 115
453 136 317
454 136 273
455 239 127
456 239 104
457 239 104
458 239 95
459 239 363
460 239 134
461 301 361
462 301 124
463 301 68
464 301 30
465 301 305
466 313 244
467 313 118
468 313 255
469 313 43
470 313 326
471 352 414
472 352 128
473 352 109
474 352 82
475 352 72
476 277 389
477 277 392
478 277 318
479 277 372
480 277 103
481 379 370
482 379 29
483 379 428
484 379 200
485 379 85
486 423 75
487 423 42
488 423 332
489 423 61
490 423 60
491 174 343
492 174 62
493 174 223
494 174 218
495 174 131
496 401 315
497 401 69
498 401 210
499 401 24
500 401 53
501 376 46
502 376 182
503 376 233
504 376 292
505 376 170
506 355 162
507 355 80
508 355 71
509 355 71
510 355 99
511 355 420
512 403 362
513 403 34
514 403 215
515 403 408
516 403 116
517 231 314
518 231 141
519 231 260
520 231 157
521 231 391
522 243 415
523 243 66
524 243 240
525 243 254
526 243 100
527 165 299
528 165 25
529 165 367
530 165 242
531 165 114
532 211 312
533 211 345
534 211 73
535 211 21
536 211 21
537 211 76
538 301 131
539 301 372
540 301 528
541 301 420
542 301 439
543 526 318
544 526 496
545 526 162
546 526 71
547 526 345
548 463 312
549 463 415
550 463 95
551 463 370
552 463 497
553 503 218
554 503 240
555 503 244
556 503 389
557 503 103
558 464 513
559 464 186
560 464 186
561 464 520
562 464 75
563 464 436
564 401 31
565 401 315
566 401 326
567 401 483
568 401 83
569 355 428
570 355 170
571 355 429
572 355 519
573 355 519
574 355 499
575 277 299
576 277 392
577 277 66
578 277 26
579 277 495
580 423 34
581 423 76
582 423 260
583 423 223
584 423 317
585 447 250
586 447 124
587 447 80
588 447 273
589 447 490
590 352 363
591 352 467
592 352 457
593 352 217
594 352 305
595 379 300
596 379 300
597 379 408
598 379 361
599 379 458
600 379 510
601 374 25
602 374 414
603 374 233
604 374 53
605 374 157
606 403 402
607 403 402
608 403 116
609 403 343
610 403 134
611 403 210
612 455 127
613 455 163
614 455 163
615 455 182
616 455 288
617 455 362
618 465 200
619 465 109
620 465 242
621 465 87
622 465 87
623 465 351
624 231 215
625 231 332
626 231 292
627 231 60
628 231 139
629 487 197
630 487 367
631 487 255
632 487 518
633 487 443
634 313 391
635 313 314
636 313 536
637 313 536
638 313 128
639 313 254
640 376 498
641 376 82
642 376 115
643 376 141
644 376 30
645 642 625
646 642 389
647 642 273
648 642 124
649 642 483
650 639 186
651 639 391
652 639 260
653 639 370
654 639 599
655 487 300
656 487 414
657 487 566
658 487 255
659 487 128
660 526 326
661 526 326
662 526 610
663 526 420
664 526 420
665 526 565
666 526 250
667 641 582
668 641 141
669 641 131
670 641 131
671 641 499
672 641 372
673 464 170
674 464 428
675 464 572
676 464 361
677 464 317
678 581 345
679 581 408
680 581 467
681 581 429
682 581 305
683 376 495
684 376 497
685 376 299
686 376 439
687 376 182
688 376 182
689 557 139
690 557 629
691 557 312
692 557 242
693 557 498
694 463 315
695 463 314
696 463 240
697 463 363
698 463 541
699 569 233
700 569 215
701 569 402
702 569 605
703 569 555
704 465 318
705 465 415
706 465 457
707 465 490
708 465 627
709 455 197
710 455 197
711 455 586
712 455 519
713 455 288
714 455 244
715 548 590
716 548 631
717 548 332
718 548 134
719 548 223
720 447 458
721 447 157
722 447 510
723 447 443
724 447 127
725 585 162
726 585 520
727 585 200
728 585 163
729 585 518
730 423 513
731 423 362
732 423 367
733 423 292
734 423 543
735 403 351
736 403 637
737 403 542
738 403 218
739 403 343
740 352 528
741 352 210
742 352 644
743 352 536
744 352 254
745 352 254
746 503 217
747 503 496
748 503 392
749 503 580
750 503 580
751 503 436
752 585 318
753 585 273
754 585 414
755 585 637
756 585 688
757 666 650
758 666 519
759 666 367
760 666 429
761 666 742
762 557 392
763 557 682
764 557 372
765 557 497
766 557 497
767 557 363
768 736 250
769 736 541
770 736 660
771 736 332
772 736 627
773 464 727
774 464 727
775 464 733
776 464 483
777 464 729
778 464 729
779 464 520
780 649 625
781 649 625
782 649 658
783 649 317
784 649 590
785 649 536
786 686 402
787 686 499
788 686 439
789 686 233
790 686 565
791 642 415
792 642 698
793 642 580
794 642 510
795 642 351
796 641 528
797 641 681
798 641 288
799 641 288
800 641 555
801 641 244
802 639 292
803 639 586
804 639 436
805 639 670
806 639 255
807 487 495
808 487 242
809 487 490
810 487 739
811 487 605
812 503 299
813 503 312
814 503 391
815 503 467
816 503 443
817 693 498
818 693 345
819 693 345
820 693 572
821 693 518
822 693 260
823 581 718
824 581 566
825 581 513
826 581 496
827 581 610
828 708 647
829 708 629
830 708 315
831 708 745
832 708 644
833 654 326
834 654 240
835 654 240
836 654 300
837 654 428
838 654 457
839 569 408
840 569 254
841 569 254
842 569 420
843 569 631
844 569 599
845 548 343
846 548 389
847 548 705
848 548 737
849 548 731
850 722 314
851 722 582
852 722 305
853 722 370
854 722 362
855 447 653
856 447 361
857 447 458
858 447 542
859 447 543
860 654 818
861 654 835
862 654 572
863 654 831
864 654 853
865 827 832
866 827 688
867 827 565
868 827 605
869 827 698
870 811 467
871 811 826
872 811 429
873 811 429
874 811 497
875 811 729
876 802 631
877 802 496
878 802 660
879 802 414
880 802 737
881 693 372
882 693 791
883 693 733
884 693 653
885 693 361
886 686 408
887 686 519
888 686 370
889 686 402
890 686 774
891 581 513
892 581 362
893 581 682
894 581 739
895 581 580
896 722 727
897 722 705
898 722 363
899 722 731
900 722 847
901 642 610
902 642 846
903 642 510
904 642 718
905 642 629
906 666 439
907 666 658
908 666 582
909 666 815
910 666 490
911 856 345
912 856 420
913 856 842
914 856 769
915 856 781
916 856 781
917 799 499
918 799 637
919 799 541
920 799 851
921 799 627
922 649 520
923 649 520
924 649 650
925 649 443
926 649 742
927 649 644
928 786 681
929 786 770
930 786 542
931 786 343
932 786 483
933 585 599
934 585 389
935 585 745
936 585 392
937 585 771
938 736 332
939 736 555
940 736 647
941 736 625
942 736 428
943 794 670
944 794 590
945 794 778
946 794 495
947 794 528
948 708 779
949 708 391
950 708 586
951 708 518
952 708 367
953 557 458
954 557 436
955 557 784
956 557 566
957 557 566
958 557 536
959 854 498
960 854 415
961 854 457
962 854 543
963 854 543
964 854 351
965 935 737
966 935 497
967 935 658
968 935 842
969 935 566
970 794 939
971 794 939
972 794 629
973 794 536
974 794 572
975 794 580
976 891 443
977 891 771
978 891 582
979 891 778
980 891 670
981 856 876
982 856 867
983 856 698
984 856 900
985 856 483
986 666 729
987 666 933
988 666 644
989 666 947
990 666 874
991 786 779
992 786 590
993 786 590
994 786 925
995 786 880
996 786 541
997 736 907
998 736 439
999 736 774
1000 736 520
1001 736 495
1002 649 637
1003 649 832
1004 649 542
1005 649 739
1006 649 499
1007 802 853
1008 802 718
1009 802 815
1010 802 847
1011 802 496
1012 827 742
1013 827 653
1014 827 733
1015 827 625
1016 827 791
1017 864 631
1018 864 631
1019 864 528
1020 864 899
1021 864 660
1022 864 781
1023 882 851
1024 882 818
1025 882 917
1026 882 917
1027 882 846
1028 882 555
1029 882 555
1030 910 610
1031 910 688
1032 910 605
1033 910 650
1034 910 627
1035 902 705
1036 902 467
1037 902 513
1038 902 565
1039 902 458
1040 693 953
1041 693 953
1042 693 490
1043 693 784
1044 693 835
1045 693 519
1046 854 769
1047 854 826
1048 854 457
1049 854 770
1050 854 889
1051 799 831
1052 799 861
1053 799 955
1054 799 681
1055 799 647
1056 920 918
1057 920 745
1058 920 518
1059 920 727
1060 920 586
1061 811 510
1062 811 956
1063 811 543
1064 811 599
1065 811 941
1066 868 436
1067 868 682
1068 868 498
1069 868 731
1070 868 872
1071 1026 742
1072 1026 653
1073 1026 861
1074 1026 688
1075 1026 1064
1076 868 872
1077 868 1069
1078 868 739
1079 868 917
1080 868 784
1081 1049 997
1082 1049 853
1083 1049 990
1084 1049 670
1085 1049 1012
1086 986 953
1087 986 718
1088 986 781
1089 986 989
1090 986 644
1091 794 660
1092 794 774
1093 794 815
1094 794 745
1095 794 631
1096 854 779
1097 854 778
1098 854 939
1099 854 572
1100 854 727
1101 1008 586
1102 1008 566
1103 1008 566
1104 1008 681
1105 1008 769
1106 1008 770
1107 1030 555
1108 1030 555
1109 1030 831
1110 1030 1036
1111 1030 582
1112 1030 1035
1113 920 1010
1114 920 731
1115 920 1013
1116 920 627
1117 920 1028
1118 882 918
1119 882 625
1120 882 835
1121 882 682
1122 882 933
1123 995 610
1124 995 610
1125 995 851
1126 995 541
1127 995 658
1128 995 737
1129 856 985
1130 856 705
1131 856 580
1132 856 1034
1133 856 826
1134 1065 832
1135 1065 647
1136 1065 599
1137 1065 599
1138 1065 876
1139 1065 889
1140 902 955
1141 902 977
1142 902 590
1143 902 867
1144 902 956
1145 971 698
1146 971 605
1147 971 900
1148 971 874
1149 971 1016
1150 891 733
1151 891 818
1152 891 994
1153 891 847
1154 891 629
1155 891 629
1156 864 791
1157 864 1063
1158 864 899
1159 864 1050
1160 864 947
1161 910 842
1162 910 941
1163 910 846
1164 910 637
1165 910 925
1166 935 729
1167 935 542
1168 935 880
1169 935 565
1170 935 771
1171 827 907
1172 827 1041
1173 827 1062
1174 827 543
1175 827 650
