Phen
-1.536746
+1.709371
-1.669681
+1.060984
-0.282287
-0.768922
+0.089345
+1.790985
-0.086111
-0.255623
+2.328347
+0.918809
+0.538756
-1.646712
-1.825703
-0.290603
+1.233768
-0.603422
-0.834639
-0.235534
+1.254879
-1.194503
-0.002860
-0.852236
+1.427254
+1.093563
+1.854407
-2.248831
+0.492467
+0.268197
-0.807273
-0.714087
+0.475658
+2.846053
+0.292766
-1.437519
-0.158175
-0.682159
+0.535462
-1.384746
-0.692336
+0.398534
+1.260957
-0.516113
+0.892424
-0.546881
-0.678139
+1.570689
-0.048192
+0.475214
-0.597585
+2.068793
-1.649794
+0.999120
+0.224016
-1.646827
+1.267347
-0.977436
-1.814377
-0.680909
-0.447226
+0.350061
+0.957001
+0.905295
+1.658093
+0.207929
+0.042322
-0.346127
-1.736205
-1.398022
+0.032072
-2.515667
-0.192488
+1.520098
-0.694515
+0.888269
-0.873620
-2.284273
+1.303408
+1.235489
+0.232030
-0.377522
+1.586586
-0.205050
+0.968233
-0.948722
+0.917588
+1.648465
-0.595379
+0.914914
-0.593517
-1.509451
+0.582688
-0.142350
-0.764537
+2.214903
-0.128719
-0.267891
-0.579022
-1.002945
+2.029698
+1.575779
-1.416470
+1.084547
+1.015874
+0.360537
-0.684169
-0.370147
+1.085804
-0.400487
+0.003383
+1.704186
+0.933675
-1.265853
-0.370516
+0.698841
+1.924526
-1.007946
+0.184392
-1.261959
+1.003943
+1.961857
-1.830328
-0.675951
+1.387684
-0.487797
-0.325876
-0.626822
+0.362302
+0.983929
+0.764587
-0.088066
+1.402048
+0.151967
-1.266502
-0.476894
-0.189492
+2.241748
+0.494239
+0.969707
+0.114401
+0.651198
+0.833064
+0.288346
+0.540033
+0.855574
+0.036269
+0.325797
-0.598404
-0.390992
+0.322899
+1.408329
-0.232312
-0.021369
-0.930815
-0.712940
+0.273587
-1.905535
-0.272954
-0.245054
+0.454919
+0.502533
+0.502727
-0.938484
+0.894516
+0.564282
-0.112001
+0.745166
-1.176625
+1.184567
+0.493916
+0.129419
-1.090776
+1.198301
+0.576755
+0.072706
-0.471882
-0.499230
+1.660935
+0.049597
-1.971709
-1.708657
-1.621744
+1.812700
-0.817530
+0.195849
+0.222174
+0.559241
-0.784915
+2.063643
-0.664063
+1.390236
-0.223483
+1.602829
+0.757919
-0.026750
+0.345720
+0.045851
+0.605134
+0.402193
+0.779935
-2.414282
+1.689881
-0.126493
+0.351615
+1.003990
+0.950287
-0.351023
-0.949719
-0.825639
-0.531016
-0.489679
-1.183497
-0.767156
-0.407274
-0.455023
-1.700038
-2.489260
+0.107759
+0.729928
+0.796440
+1.218492
-0.917583
-0.819298
-1.174084
-0.811424
-0.333300
-0.527529
-0.322062
-0.338902
+0.854493
+1.483781
+0.225848
-1.501435
-0.062392
+0.153452
-0.074915
+2.471649
+0.760588
-0.950055
-1.490605
-0.839124
-1.473456
-0.647817
-0.726148
+0.851700
+0.865467
+0.398446
+0.854216
-0.173433
+0.921885
-0.713514
+0.646188
+0.872079
+1.291943
+1.153671
+1.344507
-0.976050
+2.568179
+1.343686
+0.505515
-1.014025
+0.202828
+0.789065
-0.078264
+0.994732
-1.566574
+1.798098
+1.459227
+1.811516
-0.214387
+0.516616
+1.005084
-0.484988
+0.423806
+0.831853
-1.652002
-0.114336
-0.706738
-0.170994
+1.627297
-1.522932
-1.230660
+0.467451
+1.387539
+0.452931
+1.561175
-1.226225
-1.702981
-0.837111
+0.748175
-0.158232
+0.082647
+0.733971
-1.212343
-1.125476
-0.438965
+1.664106
-0.264952
+0.267727
+1.732772
-1.231439
+0.801446
-0.255002
+0.955720
-1.884013
+0.027903
+1.042112
-1.085089
+0.060172
+1.707037
-0.934964
+1.285593
+1.152049
-0.195623
+2.787718
-0.714130
+0.789260
-0.796869
+0.521287
-1.012355
+0.230426
-0.891220
+0.551352
+0.401845
+0.962268
+2.478330
+0.537301
-1.826844
+1.303347
-1.431434
-0.354727
-0.636549
+0.682021
-1.399573
+0.993816
+0.097104
-1.967419
-0.454644
+0.398176
+0.475388
+2.060542
+1.128337
+1.401223
-1.737291
-1.215909
-2.845268
-0.923255
+0.428981
-0.830965
-0.208417
-2.451105
-1.413321
-0.682633
+0.497190
+1.343410
-0.275329
+0.332352
+0.300945
+0.939763
+0.819796
+1.478055
+1.782884
-0.817725
+0.575374
+1.689024
-0.040942
-2.638346
+1.842022
+1.627636
-1.254879
-1.567331
-0.004960
+1.015112
+0.129548
-0.751169
-1.740224
-1.900400
-0.512217
+0.171866
-1.166251
-0.476656
+1.861873
+0.802534
+1.719937
+1.507827
+0.163524
-0.485469
+0.110176
-0.212628
-0.741567
+0.746499
+0.843442
+0.543409
-0.908771
+0.258707
-0.070147
-0.685526
-1.322108
+0.864259
+1.097187
-0.366393
+0.473430
-1.741126
-0.910736
-0.947803
-0.881306
+0.029518
-1.640989
-0.056795
-0.718095
-0.105996
-0.309454
+1.173842
+0.419711
-0.857608
+0.519039
-0.545909
+0.684299
+0.288642
+0.943634
+0.192647
+2.505434
+2.075132
-0.744628
+0.486218
-0.511131
-0.308959
+0.896384
-1.140401
+1.184740
+1.444488
+0.368464
-0.698357
-0.238097
+1.353490
+0.367686
-0.032022
+0.957471
+0.571905
-0.232309
-2.106899
-0.848117
-0.000913
+0.713629
-0.546712
+0.077814
+0.319370
-1.529527
-0.333336
-0.434844
-1.231511
-0.807073
-1.157607
+0.609784
-0.953616
+0.291256
-1.088778
+0.699415
+0.306442
+0.186095
+1.526055
-0.090874
+0.008524
+0.975295
-0.937139
+0.414485
-0.243032
+0.801835
-0.281123
-0.841690
-0.330061
-0.063653
+0.671537
-1.176718
+0.056894
+1.430504
+0.250102
-0.887531
-0.617372
-0.427842
+0.305357
+0.383811
-0.937000
-1.341272
+0.927723
+1.176391
+1.023086
-1.002860
-0.624876
-0.383752
-0.270273
+0.387881
+0.517797
-0.421726
-1.996150
+0.163334
+0.637728
+0.317982
+0.689693
-1.446705
+0.284719
+1.434914
+2.730058
+0.458757
+1.141894
-0.861880
-0.127065
+1.454980
+1.614659
+0.294935
-0.282755
+1.471147
+0.936899
+0.279600
+0.670317
+1.496008
+2.138971
-0.793220
-0.563983
+1.963446
-0.657418
-2.206503
+0.103761
-2.114132
+0.600312
-0.311178
+1.069826
+1.072894
+0.276547
+0.433463
-0.616535
-2.657355
-0.776377
+1.264482
+0.398117
-0.811287
+1.250439
-0.599702
+0.522665
+2.493036
+0.911106
+1.132269
+2.488591
-0.518623
+0.748069
+0.514190
-1.099042
-0.825029
+0.458883
+2.303571
+1.465373
-0.401854
+1.002063
-1.062123
+2.230580
+0.847551
+0.977630
+1.287289
+2.398508
-0.584884
+0.017905
-0.646440
+1.171148
-0.326320
+0.176596
+0.346123
+0.315222
-2.518648
-0.028255
+1.287594
-1.314087
+0.221898
-0.686360
-1.793301
-0.156290
+0.834253
+1.372505
+1.445876
+0.418741
+1.707526
-0.127331
+2.497934
-1.199616
+0.498155
+0.917213
-0.596571
+1.041002
+0.601612
+0.728665
-1.234131
-0.140181
-1.750435
+1.193902
-0.234379
-0.404375
-0.232648
+1.271044
-0.123540
+1.220648
+1.119667
+0.004699
-0.682161
+0.275994
+0.234354
+0.189418
-1.235057
+0.268440
+0.263605
-0.786737
+0.494790
+0.359877
-0.849556
+0.520981
-0.048582
-1.589566
+0.386541
+1.023555
+0.347127
+0.697897
+0.294287
+1.162709
+0.669257
-0.651730
-0.847716
+0.872497
+1.961160
+1.783264
+0.486427
+0.701089
-1.421066
+1.012114
+1.674997
-1.048529
-1.775016
-0.988353
+0.549972
+1.106079
-0.253520
-0.360524
+0.651048
+0.541014
-0.678756
+0.503291
+0.015735
+1.187747
+1.685792
+2.255760
+0.573063
-0.401381
-0.628402
-0.213744
+0.333685
-0.771315
-1.037751
+0.339353
+1.288678
-0.046812
-0.473853
+0.661555
+0.797503
+0.049334
-1.110610
-0.192081
+0.779650
+0.549944
+0.842798
+0.763678
-0.412875
-1.388872
+0.241977
-1.084418
-2.036220
+1.013999
+0.891239
+1.168168
+0.966709
+1.182550
-0.739842
-0.903509
+0.695590
+1.477207
+0.626253
+0.184518
+0.485776
-1.747976
-1.547454
-0.327592
+0.568035
+0.663445
-0.212960
+0.659983
+0.916381
+1.138183
-0.089855
-0.148268
+1.578057
+1.179869
-0.935261
+0.411699
+0.575553
-0.057144
+0.383425
+1.223043
-0.141884
+0.279421
+2.948928
-0.940746
+0.105080
+0.552943
+1.654274
+0.911053
-0.435269
+2.753003
+1.250934
-1.303947
+0.774309
-1.737154
+0.618407
+0.845893
+0.326968
+1.250757
+0.887780
+1.946655
-0.296709
-0.039056
-1.340938
+0.404783
+1.256257
+0.882078
+0.066016
+0.676660
+4.036670
+0.205890
-0.309181
+0.038193
+0.815952
-0.852989
-0.024720
+0.037044
-0.307967
-1.042223
-1.154810
-0.472918
+1.233941
+0.916683
-0.238169
+0.623108
+0.037794
+0.340926
-0.028988
-0.184701
+1.272378
+0.415535
-0.528857
+1.360817
+1.042335
-1.440151
-0.922389
-0.818812
+0.610250
+0.584676
+2.013402
+0.355559
-0.019243
+0.571893
+0.728954
+0.183190
-0.741740
-0.765204
-1.187460
-0.273721
+1.043962
-0.801789
-0.213296
+1.779745
+2.355701
+0.549232
+1.580507
-0.429995
+0.011972
-0.393957
-1.503914
-0.152524
+1.709881
+0.300580
-0.265400
+0.542224
+0.541174
+0.631268
+0.256010
+1.252836
+1.877924
+1.474954
+0.249300
-0.670512
+1.251817
+0.810040
+1.220052
+0.133763
+0.536042
+0.534700
+2.200183
+1.853156
-0.374395
-0.878763
-0.736955
-0.557699
+0.532550
+0.087916
-0.356542
-0.490751
+0.331552
+0.617123
+1.202943
+1.298609
+0.847661
-1.005936
-1.446754
+0.716379
+0.905886
-0.791600
-1.154132
+0.826449
+1.600980
+0.298447
+0.525232
+1.296579
+0.469029
+0.180533
+1.012771
-0.987321
+0.275039
+1.330626
+0.469104
-0.303150
+0.850199
+1.522389
+0.969123
-0.385306
-0.560429
-0.471944
-0.644025
+0.405702
+0.722831
-0.819187
+0.407187
+1.482060
+2.199650
-0.016688
+0.871403
+0.720732
+0.843027
+0.099237
-0.227409
+0.470600
+0.517088
-0.582507
-0.275826
-0.102849
-1.077748
+0.204694
+1.502629
-2.089999
-0.583597
+0.266642
+0.382917
-0.279670
+0.349733
-0.887478
-0.830882
-0.122025
-2.049446
+0.089887
+0.201645
-0.510156
+0.592590
-0.018230
+0.840510
+0.281596
+1.461401
-0.155352
+1.310500
+1.036375
-0.070478
+0.005156
-0.249097
+1.123226
+1.008258
-0.575303
+0.034007
+0.572006
+2.014606
-0.385226
+1.538215
-1.414442
+1.025273
+1.788010
+0.974540
+2.019568
-1.663122
-0.369266
-2.001793
+0.100230
+1.281365
+0.937321
-0.619325
-0.220341
-0.204093
+0.519247
+0.232703
+0.543661
+0.404963
+0.393472
+2.238728
+1.404476
+0.858214
-0.460275
+0.369796
-0.855376
-0.245108
+0.371136
+0.109745
+2.270800
-0.188194
-1.713638
-1.716247
+0.286089
+0.917725
+2.099889
+0.966304
-0.455209
+0.730521
-1.344555
+1.287537
-0.162425
+0.287663
-0.201087
-1.413908
+0.269961
+1.724940
-0.469712
-0.150196
+1.514362
+1.468052
-1.118506
-0.557380
+1.180934
+0.986692
+1.255831
+0.409983
+0.541695
-0.605928
-0.064526
+0.532232
-0.322517
+1.987973
+0.447693
-1.165914
-0.838462
+0.500460
+0.270326
+0.701104
+1.533113
+1.686230
+0.514479
+0.430508
+0.592903
-0.334048
+2.564374
-0.302510
-0.699707
-0.341224
+0.322344
+1.024766
+0.093407
-1.135913
-0.303341
-0.150028
+0.315541
+0.852259
+0.834381
+2.478747
+1.077371
-0.687858
+1.362224
+0.456335
-1.142194
-1.180194
-0.759906
-1.126500
-0.902521
+1.688235
+1.655487
+1.753839
+0.155474
-1.852706
-1.043870
-1.295356
-0.958896
-0.635054
+0.839877
+1.234128
-0.461776
+0.831597
-0.598351
+0.754925
-0.318641
-1.267537
+0.579716
+0.385072
+1.845683
-0.144179
-2.090128
+0.904042
-1.171085
+0.424548
-0.333564
-0.076107
+1.290918
+0.495329
-0.591363
-0.459558
+1.179494
+0.459136
-2.250323
-0.200235
+1.171212
-0.460641
+0.177442
+0.540810
-0.529893
-0.264872
-0.010814
+0.148276
-0.257654
-0.393030
+0.295252
-1.432735
-1.256085
-1.221446
+0.042606
-1.020717
-0.548292
+1.374043
-0.520725
-1.190327
+2.498424
-2.710834
+0.826194
+0.423074
+1.489772
-0.682546
+2.592924
-1.098702
+1.984266
+1.222637
-1.559582
+0.711825
+0.881221
-1.449282
+0.005852
+0.364586
-1.052211
+0.586757
+0.361933
-0.002213
+0.382031
-0.280814
+0.546606
-0.862293
+0.684409
-1.290862
+2.077923
-0.368514
-1.393738
-0.815960
-0.482313
+0.162603
-1.210851
+0.040919
-1.449374
-2.231939
-1.497716
-0.440887
-0.453872
+0.398772
+0.489669
+0.945372
+0.479712
+1.612324
+0.209712
+0.627994
+1.148949
-0.075431
+0.867889
+2.325422
-0.273870
-0.309832
+1.405582
+0.472647
-0.083526
+0.477457
-0.314890
+0.254847
-0.779992
+0.901402
+1.022255
-1.973046
-1.291999
-1.195418
+0.341585
-0.543130
+1.343557
+0.302599
+0.592167
+1.751699
+1.044707
-0.400240
+0.998774
+3.367589
+2.145298
+2.670176
+1.117624
+1.359318
+1.441972
+0.437740
-0.017175
+2.115087
+0.188197
+0.794108
+0.932188
+0.278160
+0.895758
+0.937000
+0.900068
-0.025199
+0.125677
+0.030166
+1.236353
+1.450699
-1.268867
+0.905979
+2.131322
+0.309311
-0.126189
-1.175199
-0.667666
+0.353175
+2.643697
+1.336989
+0.133857
-0.020764
+1.691060
+1.956914
+0.405350
+0.197067
-0.853939
+1.310274
-0.801675
+0.898009
-0.525019
+0.608155
-0.248388
+0.575664
+2.553453
+0.069147
+1.134264
+0.964311
-1.036060
-0.403336
-0.490905
+0.772909
+1.531092
+0.820583
